  678     1  
  740     1  
  796     1  
  799     1  
  853     1  
  865     1  
  912     1  
  924     1  
  963     1  
  985     1  
 1020     1  
 1051     1  
 1075     1  
 1110     1  
 1138     1  
 1182     1  
 1196     1  
 1242     1  
 1258     1  
 1311     1  
 1326     1  
 1382     1  
 1386     1  
 1446     1  
 1448     1  
 1515     1  
 1520     1  
 1587     1  
 1592     1  
 1654     1  
 1664     1  
 1725     1  
 1742     1  
 1808     1  
 1824     1  
 1882     1  
 1900     1  
 1959     1  
 1987     1  
 2046     1  
 2077     1  
 2134     1  
 2167     1  
 2229     1  
 2263     1  
 2325     1  
 2362     1  
 2421     1  
 2467     1  
 2523     1  
 2580     1  
 2628     1  
 2693     1  
 2741     1  
 2813     1  
 2861     1  
 2937     1  
 2985     1  
 3069     1  
 3117     1  
 3206     1  
 3259     1  
 3349     1  
 3403     1  
 3502     1  
 3561     1  
 3667     1  
 3729     1  
 3844     1  
 3906     1  
 4045     1  
 4111     1  
 4222     1  
 4224     1  
 4226     1  
 4227     1  
 4234     1  
 4235     1  
 4237     1  
 4238     1  
 4240     1  
 4242     1  
 4246     1  
 4247     1  
 4247     1  
 4253     1  
 4258     1  
 4264     1  
 4269     1  
 4272     1  
 4275     1  
 4281     1  
 4283     1  
 4286     1  
 4294     1  
 4295     1  
 4300     1  
 4303     1  
 4311     1  
 4324     1  
 4326     1  
 4336     1  
 4338     1  
 4339     1  
 4346     1  
 4354     1  
 4356     1  
 4367     1  
 4368     1  
 4378     1  
 4383     1  
 4391     1  
 4398     1  
 4401     1  
 4411     1  
 4413     1  
 4427     1  
 4429     1  
 4438     1  
 4445     1  
 4451     1  
 4461     1  
 4464     1  
 4483     1  
 4485     1  
 4498     1  
 4507     1  
 4516     1  
 4524     1  
 4535     1  
 4542     1  
 4558     1  
 4562     1  
 4573     1  
 4577     1  
 4578     1  
 4595     1  
 4599     1  
 4609     1  
 4617     1  
 4627     1  
 4639     1  
 4640     1  
 4655     1  
 4657     1  
 4668     1  
 4673     1  
 4695     1  
 4704     1  
 4728     1  
 4740     1  
 4750     1  
 4773     1  
 4774     1  
 4776     1  
 4790     1  
 4790     1  
 4791     1  
 4807     1  
 4809     1  
 4813     1  
 4822     1  
 4822     1  
 4827     1  
 4844     1  
 4856     1  
 4869     1  
 4886     1  
 4893     1  
 4918     1  
 4919     1  
 4943     1  
 4947     1  
 4967     1  
 4980     1  
 4991     1  
 5010     1  
 5015     1  
 5039     1  
 5046     1  
 5063     1  
 5064     1  
 5076     1  
 5089     1  
 5108     1  
 5109     1  
 5126     1  
 5130     1  
 5143     1  
 5156     1  
 5172     1  
 5179     1  
 5197     1  
 5204     1  
 5224     1  
 5236     1  
 5244     1  
 5263     1  
 5269     1  
 5286     1  
 5299     1  
 5302     1  
 5327     1  
 5331     1  
 5340     1  
 5360     1  
 5362     1  
 5377     1  
 5390     1  
 5395     1  
 5406     1  
 5413     1  
 5430     1  
 5434     1  
 5442     1  
 5443     1  
 5454     1  
 5464     1  
 5465     1  
 5479     1  
 5490     1  
 5491     1  
 5501     1  
 5503     1  
 5506     1  
 5510     1  
 5517     1  
 5522     1  
 5523     1  
 5525     1  
 5528     1  
 5530     1  
 5530     1  
 5552     1  
 5553     1  
 5562     1  
 5563     1  
 5576     1  
 5577     1  
 5584     1  
 5585     1  
 5592     1  
 5593     1  
 5597     1  
 5598     1  
 5601     1  

 5434     2  
 5503     2  
 5630     2  
 5748     2  
 5819     2  
 5968     2  
 5990     2  
 6150     2  
 6161     2  
 6296     2  
 6338     2  
 6435     2  
 6511     2  
 6566     2  
 6666     2  
 6687     2  
 6795     2  
 6817     2  
 6906     2  
 6944     2  
 7005     2  
 7071     2  
 7103     2  
 7190     2  
 7197     2  
 7280     2  
 7300     2  
 7361     2  
 7405     2  
 7435     2  
 7495     2  
 7506     2  
 7574     2  
 7580     2  
 7634     2  
 7661     2  
 7697     2  
 7730     2  
 7751     2  
 7795     2  
 7798     2  
 7845     2  
 7856     2  
 7888     2  
 7911     2  
 7924     2  
 7955     2  
 7961     2  
 7996     2  
 7999     2  
 8025     2  
 8032     2  
 8055     2  
 8064     2  
 8077     2  
 8092     2  
 8095     2  
 8115     2  
 8117     2  
 8130     2  
 8137     2  
 8144     2  
 8151     2  
 8158     2  
 8163     2  
 8166     2  
 8175     2  
 8178     2  
 8181     2  
 8182     2  
 8189     2  
 8191     2  
 8192     2  
 8193     2  
 8193     2  
 8194     2  
 8195     2  
 8196     2  
 8197     2  
 8198     2  
 8199     2  
 8200     2  










